4.481770360770214734e-01
3.382200431066365032e-01
2.502555795403104133e-01
2.159796108690705541e-01
2.151333142343564708e-01
2.176707604071718705e-01
2.170660255488588986e-01
1.671401239852103593e-01
1.079971917559182093e-01
1.044696675875716463e-01
1.190786564380804935e-01
1.270105356054177514e-01
1.784722463089436217e-01
1.188990458685873358e-01
1.156927052162608910e-01
1.324920387452165060e-01
1.205042713593764137e-01
9.870314618093363468e-02
1.090623197236580133e-01
1.141228755947371470e-01
1.320221530708064195e-01
1.414666844607262719e-01
1.486986602246476163e-01
1.538266977527242008e-01
1.640546473880759581e-01
1.645444501806924698e-01
1.647398121293771334e-01
1.849250974141329884e-01
2.454125140127482174e-01
2.733311682392083330e-01
2.790708005213638487e-01
3.501358100546280716e-01
3.504902424751767387e-01
3.601887782585059261e-01
3.823948374533331362e-01
3.640359230126392065e-01
2.717093188156389783e-01
2.328439733134278489e-01
2.389210739496596403e-01
3.067670549391000590e-01
2.739731507549277301e-01
3.048796552098035906e-01
3.295409028614895153e-01
2.802027674535163548e-01
2.669062193015005469e-01
2.668478233420807921e-01
2.093620239174509012e-01
2.390958932444949836e-01
1.958298937519216409e-01
2.168068453113409511e-01
2.164141153099380377e-01
2.218907884535256947e-01
2.170140542803761508e-01
2.415478458067540080e-01
2.549775620970945456e-01
2.865109964170138857e-01
2.560593328945617309e-01
2.920381906641501546e-01
2.857637617166042254e-01
2.714384988473952931e-01
2.852086972752369554e-01
2.866891989042389399e-01
2.735385910373968610e-01
2.393417923821261895e-01
2.219157531055465649e-01
2.983308907671526899e-01
2.560684380111171166e-01
2.623767320847736895e-01
2.605475234680464380e-01
2.645163657117863831e-01
2.614025634779164053e-01
2.569071409095434744e-01
2.439930957707119596e-01
2.393164706136897413e-01
