6.852800649301976632e-01
6.400920562067046182e-01
6.389372524675213105e-01
6.256800589809872193e-01
4.762978021471729329e-01
3.259795464457995728e-01
2.889917809718073327e-01
3.268056278051165719e-01
3.908647082766529834e-01
4.211551449502595745e-01
4.001115121871283709e-01
2.983842456299023449e-01
1.777085787927780713e-01
1.007686194853419509e-01
8.620446508533381735e-02
8.815665740647596338e-02
1.179587405399800115e-01
1.750441611412631160e-01
1.810081927196141860e-01
1.601523055310398458e-01
1.196296288278540232e-01
1.469844227725452812e-01
1.204837452890665656e-01
1.353939078444180988e-01
1.378141740491666822e-01
1.491108815992249759e-01
1.679947072152403187e-01
1.563442126656019726e-01
1.509737984374471820e-01
1.590529448055907347e-01
2.158364402878232835e-01
2.229354472019596523e-01
2.549759782818400433e-01
3.824311988344231694e-01
3.999367500471256998e-01
4.109836143043518186e-01
3.413199698297888496e-01
3.234601112040917381e-01
2.943057345667490776e-01
2.432856637935809085e-01
2.104659177255727154e-01
2.569033689644802387e-01
2.517272139966819644e-01
3.372931250072476739e-01
3.944934339421657388e-01
3.856585680815142192e-01
3.103526926103208905e-01
2.562034095630092989e-01
2.101329768539263732e-01
2.509958554881414616e-01
2.702929082191068422e-01
2.478465883150680893e-01
2.152510686291572994e-01
2.143327436801911179e-01
2.220934587088184420e-01
2.175535095822109521e-01
2.323467865143243050e-01
2.645575387783169474e-01
2.892598219601285048e-01
3.045913743801539897e-01
3.042179419649075900e-01
2.854569661702987537e-01
2.746516100849241693e-01
3.313899363354398386e-01
3.077605547355565796e-01
2.596094389174457562e-01
2.963081244652037149e-01
2.933409817105162021e-01
3.044353438856325367e-01
3.061806375710341976e-01
3.005830393508413523e-01
2.862878553471870924e-01
2.658510419541453840e-01
2.623412168148041013e-01
