1.147956119126578045e+02
1.113116231943879484e+02
1.107290183666298446e+02
1.101276485805464915e+02
1.011153436718156797e+02
8.997298509236942721e+01
8.782993197148360309e+01
9.054769612011125446e+01
9.347769637932927367e+01
9.487067920485786487e+01
9.372886900873919558e+01
8.798417225695470734e+01
8.065850895963302492e+01
7.480214504900746419e+01
7.382140982396099105e+01
7.288754451604845030e+01
7.063831818512311145e+01
6.687239991466162792e+01
6.646264246571161038e+01
6.564249528881052242e+01
6.640839832206249582e+01
6.549518788259692315e+01
6.948537884666171749e+01
7.068627185548960767e+01
6.955178098565431810e+01
7.019534170151720787e+01
