9.761269307406780626e+01
9.152128799827811179e+01
8.556823466579696458e+01
8.326505022198438155e+01
8.311594486701142159e+01
8.240749424775144405e+01
8.205217904934724515e+01
7.959317132682485862e+01
7.552512210114988989e+01
7.149646835779634557e+01
6.847986480392808062e+01
6.708689030889362925e+01
6.584936876945222650e+01
7.018445813875275974e+01
7.092302461173298411e+01
6.861720254096874783e+01
6.976114080694543418e+01
7.380776736644040170e+01
7.448333877921486135e+01
7.375832592004223898e+01
7.219810110058031682e+01
7.335380129551717232e+01
7.332094222848415654e+01
7.476666471110010548e+01
7.525268806260805832e+01
7.491248928985476141e+01
