8.828548762235234904e+01
8.482823083466304581e+01
8.378466223129211699e+01
8.338437108711562473e+01
7.882619608468823458e+01
8.182532991448475457e+01
7.741651677099314099e+01
7.863948613422036260e+01
7.795992388636531700e+01
7.902414583518869051e+01
7.910172249435426295e+01
8.113234171732339917e+01
8.158963859923646567e+01
8.416519375381385260e+01
8.214403596588056189e+01
8.494101538208192892e+01
8.447511070059121607e+01
8.342571451941040550e+01
8.477235159849665536e+01
8.500786581470883618e+01
8.380473834268798328e+01
8.033744983203553147e+01
7.800069846491412306e+01
8.537390531524772541e+01
8.201451111341231126e+01
8.245456462443848977e+01
8.246153238659036333e+01
8.282810703018093079e+01
8.258075354097272225e+01
8.227072327549043962e+01
8.123631514676637266e+01
8.085111253608323523e+01
