8.108558358941370159e+01
8.827718012725560470e+01
9.222762293107986409e+01
9.156845246673969996e+01
8.639161027036803375e+01
8.235474251190750294e+01
7.872212267228537996e+01
8.180767692198656960e+01
8.351254449488706655e+01
8.188984218033570528e+01
7.888102063620954141e+01
7.868573026398959769e+01
7.962342856323432727e+01
7.934433053939822855e+01
8.054924075706838948e+01
8.255541397597789910e+01
8.471494164780330038e+01
8.589669523604592882e+01
8.587462670709065549e+01
8.462659717845227192e+01
8.360547710175892178e+01
8.792159947520251251e+01
8.634832667819544838e+01
8.214514588185734567e+01
8.488275854594149905e+01
8.462445794271079080e+01
8.578680250965813059e+01
8.594051584645023922e+01
8.545861160594957084e+01
8.442395642331602801e+01
8.290425752370961732e+01
8.261069565386105751e+01
