8.343358804867437861e-01
7.300972267343953659e-01
6.688147362981282651e-01
6.784405875338217484e-01
7.195617921709248632e-01
7.705691926260889169e-01
7.813947084028208812e-01
7.334364536234183607e-01
6.582391797872956252e-01
5.972149156890056432e-01
5.730068931799568999e-01
5.667611805562117189e-01
5.178582862913657658e-01
5.757568410190132546e-01
5.819326578038478415e-01
5.596041962654935142e-01
5.729956351438966200e-01
6.309436760611262240e-01
6.267788740123569902e-01
6.076379420584259172e-01
5.716058692065154601e-01
5.696437391417645824e-01
5.610961509721765772e-01
5.684190957686283685e-01
5.609515464526347861e-01
5.567652488049088522e-01
