5.200112033638752962e-01
5.177045890738947165e-01
5.032996776607675526e-01
5.041453703648377527e-01
5.244610501964914739e-01
5.348227373425439302e-01
5.441431318767548930e-01
5.331605043976266334e-01
5.338871780965754876e-01
5.397087763928101189e-01
5.392247829440072193e-01
5.377226621873946177e-01
5.405716548468596505e-01
5.428637680190833148e-01
5.402834967922527376e-01
5.250871016432884231e-01
5.258398826330922260e-01
5.239275331747796915e-01
5.241173822455681419e-01
5.306514411940742582e-01
5.283617719563762360e-01
5.205284021061021837e-01
5.283008806419523529e-01
5.256017476155234736e-01
5.171597331917873186e-01
5.170457347914206858e-01
5.218081802483846010e-01
5.220195184422466994e-01
5.216188347268944092e-01
5.249922350416212913e-01
5.294241215774241338e-01
5.296390587017081319e-01
