5.334374551172471612e-01
5.447959185624888789e-01
5.456261236243312718e-01
5.371891632915223314e-01
5.468003560869452162e-01
5.530715768395106924e-01
5.457786397037679427e-01
5.336718481507570777e-01
5.254623750971384455e-01
5.319878933222742523e-01
5.399620506606985781e-01
5.360822013535999631e-01
5.232707432125458524e-01
5.194876471967940779e-01
5.311736839226177675e-01
5.257145478802811578e-01
5.269413507455928958e-01
5.302172802932838547e-01
5.342473787716774947e-01
5.367978430802468059e-01
5.342757788554640674e-01
5.264911805192861172e-01
5.188514427373080995e-01
5.237976603510424711e-01
5.288465296776410085e-01
5.267333494926096371e-01
5.297791841204235741e-01
5.301683849827071304e-01
5.306013624544682061e-01
5.321250966294390761e-01
5.340913010596989308e-01
5.347278809240083586e-01
