8.053890985915983514e-01
8.303199160197985984e-01
8.599861447310677143e-01
8.409902665512503095e-01
7.044836200473338916e-01
6.026616511065794324e-01
6.297495032167327311e-01
7.487011736984939825e-01
8.328488881698064006e-01
8.628690348358434292e-01
8.484210488944827766e-01
7.822338227021974344e-01
7.007649420835646570e-01
6.509764888599494093e-01
6.547183656113281236e-01
6.315131616058264896e-01
5.783319205185395440e-01
5.186611603937476556e-01
5.135372863764929852e-01
5.374611699263389664e-01
5.764179800568939305e-01
5.517990294173905630e-01
5.724632741586792584e-01
5.605068636348156108e-01
5.551290372162973608e-01
5.450426196020096148e-01
