3.199321591316645064e-01
2.866923058596365648e-01
2.460144296630025207e-01
2.144762076838334086e-01
2.020191321553623243e-01
2.011062303069751644e-01
1.776451023542619523e-01
1.246537015055037972e-01
1.347958592347047180e-01
1.502479609008494921e-01
1.619907493711218449e-01
1.824917997110450663e-01
1.920871448463960796e-01
1.303957760245491593e-01
1.271883929493478893e-01
1.479870542801434152e-01
1.653620154068818349e-01
1.470239732712565195e-01
1.775005948292777413e-01
1.907975479338557823e-01
1.733084402556948900e-01
1.787956678770082908e-01
1.974804157097647117e-01
2.192097708850005711e-01
2.121762289761480458e-01
1.991848694733990288e-01
2.067385002217303758e-01
2.142573282618308317e-01
2.659536047724322394e-01
2.800550636133594118e-01
2.860149382241886085e-01
3.292011277930687596e-01
3.273236593659470395e-01
3.397898181615182089e-01
3.516789374506989474e-01
3.253527050766527595e-01
2.353569132531833086e-01
2.113741407157832264e-01
2.244403510079698016e-01
3.003825114819486664e-01
2.782952545077741480e-01
3.062003755186930576e-01
3.367336228411147436e-01
2.824570620448820790e-01
2.657841725840653369e-01
2.661556322490254423e-01
2.093800174004671888e-01
2.431446613539734736e-01
2.012801031204907998e-01
2.212648195836691978e-01
2.198726085518771522e-01
2.230916782910362106e-01
2.172433807231964609e-01
2.418510515808700856e-01
2.547222143819826146e-01
2.856717889849401670e-01
2.552391128949035859e-01
2.911866066528520647e-01
2.851245641548593168e-01
2.711168488084562678e-01
2.853219944825819976e-01
2.869945329204867668e-01
2.732047585062042927e-01
2.392254565293309432e-01
2.220337408134112067e-01
2.983781868115480962e-01
2.561077854832597422e-01
2.621026759021530816e-01
2.605560990834168700e-01
2.645043310022435756e-01
2.612056409497701681e-01
2.566746440033711441e-01
2.437130441495042599e-01
2.390314126546720097e-01
