6.526313687389331264e-01
5.988966148383847443e-01
5.870179333686945666e-01
5.326776955015004589e-01
4.327015516408732054e-01
3.260894956442887405e-01
3.067922854527503351e-01
2.799546349881821272e-01
3.237567027641207740e-01
3.360879440038863075e-01
2.798781174424425644e-01
2.143891900035842790e-01
1.576859826154092536e-01
1.285392923897849815e-01
1.308558640878425550e-01
1.541069003847098384e-01
1.546173121750643309e-01
1.760277502493038659e-01
1.795840815565535875e-01
1.569967263599114649e-01
1.282465811804451017e-01
1.367460447620433561e-01
2.101767956275402138e-01
2.086956354539530045e-01
2.070491804039856776e-01
2.271430282733247763e-01
2.372452899041329055e-01
1.878366328424996290e-01
1.688728387212945770e-01
1.693513907356960502e-01
2.370333210458441531e-01
2.402099723655848340e-01
2.937976320356806004e-01
3.847160370099000359e-01
3.717044148876607057e-01
3.957261866940829376e-01
3.161281119138752982e-01
2.844104247027993693e-01
2.543858691693111074e-01
2.223351865152053131e-01
2.034741448320862844e-01
2.641271648057384458e-01
2.576057880437339631e-01
3.302940418987779791e-01
3.897436715130754292e-01
3.845528285015452630e-01
3.045126954021826760e-01
2.552143596960962380e-01
2.132836498002967374e-01
2.597310453752682546e-01
2.760049728753590781e-01
2.498139777993590438e-01
2.155158966697038325e-01
2.128134479228024067e-01
2.217408534106498075e-01
2.179056442240259184e-01
2.316167883102203950e-01
2.627964220800553807e-01
2.892828763645322598e-01
3.049918105867802098e-01
3.038353729887639521e-01
2.845485730743691488e-01
2.736874857466301547e-01
3.313518677951418079e-01
3.081687738577353342e-01
2.604499851067403893e-01
2.963312731202114580e-01
2.933620438943949638e-01
3.045572278031525859e-01
3.061392183814992674e-01
3.004077108578023236e-01
2.861368746096804028e-01
2.656150152599077718e-01
2.620622409823853971e-01
