9.005036243739783686e+01
8.651191949884612598e+01
8.283599192196011529e+01
8.133126451369408016e+01
8.181956347494876525e+01
8.191172016242563814e+01
8.042198777341432958e+01
7.586717792437463004e+01
7.378693749497173826e+01
7.157363097774620542e+01
6.880540137271604806e+01
6.677613155212289087e+01
6.747392884610417241e+01
7.329199428299463648e+01
7.377548502046391832e+01
7.605593657182974709e+01
7.782283005975854451e+01
7.567120292954736271e+01
7.811377777557022739e+01
7.914550421349377984e+01
7.736428249366869636e+01
7.701899210511534477e+01
7.876025015447265787e+01
8.088745119535512629e+01
8.004861422450174757e+01
7.880437500110673454e+01
