8.161226151531049311e+01
8.782020744673189938e+01
9.196813767261690487e+01
9.154509781021567960e+01
8.597262905270548572e+01
8.225261145983967026e+01
7.897166673060982589e+01
8.250293425779179302e+01
8.393798695746363592e+01
8.204532014578168742e+01
7.891698591379916650e+01
7.855644970923978576e+01
7.961288464155698819e+01
7.938386493618124007e+01
8.048391119776475477e+01
8.240018104078568228e+01
8.470896169185320446e+01
8.591439734418651142e+01
8.583489583023589375e+01
8.455317839453934425e+01
8.352652707758409178e+01
8.791290041111109588e+01
8.637449688239487955e+01
8.222016359498097415e+01
8.489079905238543233e+01
8.463311283249177563e+01
8.579783466354467691e+01
8.593876915296227992e+01
8.544710805332789505e+01
8.441370611892989473e+01
8.288661460313142015e+01
8.258897543975065503e+01
