8.881471119314920770e+01
8.499774315184711782e+01
8.368509540722351403e+01
8.333400406760046053e+01
7.883525841668183887e+01
8.219810316928476368e+01
7.791899630919363062e+01
7.904381862922735991e+01
7.828479533390608935e+01
7.911810033101777151e+01
7.911884279750377402e+01
8.115044027780923841e+01
8.154936201573974586e+01
8.408307733905118653e+01
8.207660094178216070e+01
8.487215952385142259e+01
8.442204930925538520e+01
8.339964132660284690e+01
8.478120674689260738e+01
8.503315727820793768e+01
8.378309058748408233e+01
8.034004214338042971e+01
7.801763672815894779e+01
8.538171547619577950e+01
8.202213247761483217e+01
8.243635037062445292e+01
8.246323301673336914e+01
8.282744253771596732e+01
8.256461258977134321e+01
8.225134444668080391e+01
8.121318307588339280e+01
8.082694837182771153e+01
