1.129960743205098908e+02
1.090539188800547095e+02
1.083206680668146902e+02
1.049875809535590605e+02
9.732255371332303184e+01
8.713697352826386577e+01
8.608918321397318607e+01
8.711961884122430888e+01
9.013700553489246659e+01
9.055668240903365529e+01
8.748109878394342331e+01
8.310013122846000044e+01
7.793954141478998565e+01
7.208903693059991724e+01
7.108777198283927135e+01
6.971655646995584732e+01
7.005842181084798881e+01
6.829560108221699011e+01
6.898274914810485825e+01
6.688302023406245667e+01
6.673352507700357705e+01
7.063976720093666017e+01
7.942054960284711740e+01
7.915387420745931024e+01
7.895582623986344117e+01
8.040138867461443795e+01
