5.325901766949041605e-01
5.445160241788138400e-01
5.454594582629568311e-01
5.373504541854625671e-01
5.469117995648565822e-01
5.537724905031359279e-01
5.450938909303292279e-01
5.331342134888609197e-01
5.249336582438892673e-01
5.316414894678065384e-01
5.398892302686949529e-01
5.359250698067008489e-01
5.229919182927972310e-01
5.192945940031555851e-01
5.312612520773813962e-01
5.257600907667097090e-01
5.269540905284981758e-01
5.302444154120169451e-01
5.342372265392248964e-01
5.368072698216179717e-01
5.344070150123341190e-01
5.266989135972584002e-01
5.188984160797921463e-01
5.238807637069690104e-01
5.289193267613088167e-01
5.268406422492943886e-01
5.297965969042326417e-01
5.301755139796354710e-01
5.306202372791043453e-01
5.321430427262945351e-01
5.341264986928098146e-01
5.347573380278234367e-01
