5.196926897256312072e-01
5.202022523455873682e-01
5.062761648410585291e-01
5.058078624444311000e-01
5.257578320417914952e-01
5.345207260723696674e-01
5.433560430308056466e-01
5.318612836114414710e-01
5.327547940901888879e-01
5.394248956068176115e-01
5.393731402980530554e-01
5.380185168738982338e-01
5.409236205982292933e-01
5.429634181488155464e-01
5.402969434391946546e-01
5.250987234780243318e-01
5.256755681133813418e-01
5.235925567242328826e-01
5.239350801490672005e-01
5.306956696983561317e-01
5.284279865051448866e-01
5.203921558306887629e-01
5.281416133693105364e-01
5.256028620068549095e-01
5.172810870576159958e-01
5.171804479307128277e-01
5.218289918766394475e-01
5.220559140229140693e-01
5.216841014634774343e-01
5.250427390060861121e-01
5.294769581839302575e-01
5.296875770529864136e-01
