7.551445211714327144e-01
7.825284688720051118e-01
7.736505059390432759e-01
6.957021665510526587e-01
5.911615033224171256e-01
5.123329793300919199e-01
5.241941858351378825e-01
6.250859982798047110e-01
7.631159602427002309e-01
7.883872735138948151e-01
7.314473904648006730e-01
6.689808880271757019e-01
6.154362611704680130e-01
5.747091026711247386e-01
5.668010973885617698e-01
5.390050738815057585e-01
5.391508230195478646e-01
5.160827293220624501e-01
5.126394400331517609e-01
5.368732337381627584e-01
5.664580919807316040e-01
5.589547967313415189e-01
5.551244349049218041e-01
5.529306932365124494e-01
5.521907450773468895e-01
5.457726450866000611e-01
