6.339386835773632711e-01
5.778443465978420068e-01
5.627674570797284170e-01
5.876241335850516112e-01
6.372909168867251228e-01
7.380132893838897701e-01
7.276745353188474041e-01
6.290650819620243750e-01
5.815730651665950157e-01
5.486938142702986188e-01
5.301558027500157255e-01
5.113369329370630600e-01
5.005829765118103847e-01
5.820433786225576167e-01
5.908642769441201370e-01
5.934300639298650815e-01
5.981625304653938047e-01
5.888561097959739143e-01
5.834152882961856079e-01
5.813973249431436674e-01
5.768028797083870618e-01
5.636278967509315008e-01
5.633876107446827985e-01
5.681889119010410383e-01
5.632628930013255930e-01
5.615257034770597677e-01
