4.729773243761895007e-01
4.012043384094649001e-01
2.852391173017272408e-01
2.301003426752319392e-01
2.076626559899325541e-01
2.085338212443115513e-01
2.269963677576769534e-01
2.264682773430893858e-01
1.542658901018158779e-01
7.909805332430923375e-02
4.955292388838041656e-02
3.645868291478605167e-02
3.965145700969693182e-02
3.643097029427796313e-02
4.721671726133820635e-02
7.350441497055099083e-02
6.411121914044599912e-02
2.693497345593798969e-02
4.783386890432302085e-02
5.509732299810227163e-02
1.125504384193309337e-01
1.424549294628054130e-01
1.528121329228347147e-01
1.964358943366432964e-01
2.331635250494017431e-01
2.197308253464730632e-01
2.047987477484967678e-01
2.468300254205389732e-01
2.442490560288473889e-01
2.050945836862519689e-01
2.503856106342320920e-01
2.425716677770382301e-01
2.828972601071323423e-01
2.869032366552433655e-01
3.084801403322725011e-01
3.610071439575703867e-01
3.601435845260898549e-01
2.810926010429922739e-01
2.699194763003701647e-01
2.799265048978664683e-01
2.225592448911700993e-01
2.607311744569606460e-01
2.580273995041595936e-01
2.483856729720216872e-01
2.617356247496104293e-01
2.570744276302191489e-01
2.024807408773837969e-01
2.123370321333998001e-01
1.654339128031326600e-01
1.892702610385554318e-01
1.949883889209458043e-01
2.127919735514224031e-01
2.143670888758887616e-01
2.380988616757490073e-01
2.548440664855564641e-01
2.900621067284157584e-01
2.600266884131441358e-01
2.960392333390274855e-01
2.887063864231894095e-01
2.728991514240807770e-01
2.843518037709786284e-01
2.847100663519356867e-01
2.751413324795835003e-01
2.398870117506941013e-01
2.212218460013108956e-01
2.979515704991175240e-01
2.557578177323653335e-01
2.638248613332430659e-01
2.604475952587828602e-01
2.645239455481251389e-01
2.624455164411201857e-01
2.581676342610292885e-01
2.455275987016259376e-01
2.408778541382261273e-01
