6.742286693303440881e-01
6.636759185413134698e-01
6.722796101222907605e-01
6.864588462102697575e-01
5.836758630296730033e-01
4.213133421066704853e-01
3.600959079870097446e-01
3.518068532057020970e-01
3.775925026153796882e-01
4.130837653218249472e-01
4.176152102872505711e-01
3.321743431735137420e-01
2.193906895839610738e-01
1.555086147365222771e-01
1.588746865711755940e-01
1.800862917401345187e-01
1.279732199677316162e-01
5.244195403504370301e-02
3.915771495090793197e-02
3.328552844995631005e-02
4.769749877841393537e-02
3.824841234253987393e-02
5.280539432838860653e-02
5.686473769894097308e-02
8.913726830256786526e-02
1.718123356172713279e-01
2.052411834023283865e-01
2.205959700515077171e-01
2.632987046236261452e-01
3.196808436551239474e-01
2.595890790937319670e-01
2.710561954835733478e-01
2.638332074251258375e-01
2.016082844716426681e-01
2.730586762609518159e-01
2.967340871957857562e-01
2.676709958129149802e-01
3.243020551464484980e-01
3.767148868396588135e-01
2.735063899050824143e-01
1.902404128499818048e-01
1.936731428988349157e-01
2.021937436160887724e-01
3.478738039052508002e-01
3.776636218511833509e-01
3.599399068999211138e-01
3.330443175927058075e-01
2.526553203510367163e-01
1.817810581195553055e-01
1.952688965901742957e-01
2.339241383034834088e-01
2.323498890469829770e-01
2.090741827532581476e-01
2.199479377692768467e-01
2.229507864211213164e-01
2.145432816738572779e-01
2.346248741562027007e-01
2.733227804011564843e-01
2.886479848081449084e-01
3.016984260873094015e-01
3.054576996059785166e-01
2.899430358226873783e-01
2.798257804369586044e-01
3.313859138595716125e-01
3.052190866201787700e-01
2.548523854671625455e-01
2.960910935010634404e-01
2.931333925062465928e-01
3.036276197087908191e-01
3.063245962159686364e-01
3.015161153028948493e-01
2.870862232786219881e-01
2.671102750215236243e-01
2.638519122386383531e-01
