1.139136151057643360e+02
1.126708989849451115e+02
1.126937103259185875e+02
1.134045963505837022e+02
1.074727125892111275e+02
9.715299214980383624e+01
9.294852956883816830e+01
9.182090100939333865e+01
9.255681717439065892e+01
9.415626249711560547e+01
9.440279254479843019e+01
8.944954446412629068e+01
8.276785109084633518e+01
7.865905562564483944e+01
7.833493635407066336e+01
7.927526068159950512e+01
7.661831052392035701e+01
7.190656111948931084e+01
7.021396614881005860e+01
7.077919887765750673e+01
7.160466128138001807e+01
6.882889396502100965e+01
6.804689203036218714e+01
6.809441397680947716e+01
6.717695558212183471e+01
6.429148562281505974e+01
