7.588518764335509559e+01
8.848721705706854834e+01
9.044061091697970767e+01
8.938642584812792791e+01
8.796752319263374886e+01
8.212077321352691683e+01
7.619383116665881062e+01
7.703602781228491381e+01
8.069559963364007160e+01
8.061032260452719811e+01
7.823275901874762894e+01
7.913946801382542162e+01
7.957790023887449138e+01
7.901045807772482021e+01
8.074916432431489000e+01
8.331953849421137193e+01
8.470578577300395295e+01
8.574172974287218096e+01
8.602410044514684273e+01
8.498923217338945335e+01
8.402561842287336447e+01
8.795197968849591064e+01
8.618107864584189315e+01
8.171724601024712342e+01
8.483084983589058936e+01
8.456856294120534301e+01
8.571528071455205122e+01
8.594377592345355765e+01
8.551936265953796124e+01
8.447756664543308602e+01
8.299796700592557386e+01
8.272806436246244743e+01
