8.302537214838999091e+01
8.247850936095777286e+01
8.353178182583202727e+01
8.261143862333382515e+01
7.804336349525455319e+01
7.928288132320057002e+01
7.429880433495083025e+01
7.599276567938137816e+01
7.582032429035822929e+01
7.828169805441201845e+01
7.889044641222713494e+01
8.088122331234809792e+01
8.167348369410795783e+01
8.453119102607098512e+01
8.246993699797542376e+01
8.526480426820945979e+01
8.472013208228892722e+01
8.354391508389684873e+01
8.470565443647657844e+01
8.484546709615584348e+01
8.390531754970692191e+01
8.031383284069789852e+01
7.790168352473939706e+01
8.532195665496634263e+01
8.196459128990770182e+01
8.254995598352206798e+01
8.244808588663414639e+01
8.282714113119317290e+01
8.266625485000723472e+01
8.237576878349295839e+01
8.136284148440074659e+01
8.098313762731962129e+01
