9.873321620337962656e+01
9.491674846763827134e+01
8.791209995314920889e+01
8.422125265229348656e+01
8.253568350419207889e+01
8.183495620826965933e+01
8.235553046237727415e+01
8.232595011712342625e+01
7.856167700278754751e+01
7.383697028940902385e+01
7.117308116029556686e+01
7.089275178703957181e+01
7.121333196534814647e+01
7.089239653845849887e+01
6.878232497985003135e+01
6.678348547251293610e+01
6.680471689440594218e+01
6.836704425970337695e+01
6.773543714601844101e+01
6.780123258080168114e+01
6.641324649906310640e+01
6.591671018593265785e+01
6.594474025332424105e+01
6.409060976418518862e+01
6.327365802089156688e+01
6.462973063946226659e+01
