5.210335104722108035e-01
5.026698507146093453e-01
4.919923294141432812e-01
5.008109865097413183e-01
5.184466410163856009e-01
5.362134082373395394e-01
5.491556167113598175e-01
5.417475453185180978e-01
5.403518993165338236e-01
5.413181638059603173e-01
5.387094064027915241e-01
5.363528035734574928e-01
5.386142908918594152e-01
5.421325239002392493e-01
5.401896016099916320e-01
5.250499298801913906e-01
5.267153664632309162e-01
5.257512020672605590e-01
5.251800678747658990e-01
5.304638302649185011e-01
5.279766048738383510e-01
5.212713249722008557e-01
5.291931313718889474e-01
5.255947292153586581e-01
5.164940580926162816e-01
5.162996538794391022e-01
5.217061649400855927e-01
5.218316402810105892e-01
5.212616959404170469e-01
5.247133418050584641e-01
5.291357010890223034e-01
5.293743516714928266e-01
