8.147709029365741706e-01
8.491175651351483555e-01
8.810924174640391016e-01
8.957786339469587800e-01
8.223903317934480039e-01
7.424523911535864107e-01
7.398584773850758189e-01
7.807480534353223867e-01
8.307884077593281624e-01
8.663120666941703796e-01
8.693148909921946110e-01
8.217235822297097592e-01
7.609882721193444999e-01
7.388596443846242590e-01
7.601085696561300509e-01
7.797596692271789864e-01
7.403679532183476963e-01
6.754417449118770289e-01
6.619644962474320327e-01
6.911711565906140109e-01
7.069455270217060994e-01
6.541393322878568117e-01
6.396957296995700037e-01
6.355295453597975541e-01
6.050656371087786978e-01
5.316332300903748864e-01
