5.450706854539096868e-01
5.504780558934663226e-01
5.494292546607949523e-01
5.383040983931233203e-01
5.451545301393125875e-01
5.495799405249857106e-01
5.499512126836673120e-01
5.376232347340065276e-01
5.289897558841764047e-01
5.343226784333249268e-01
5.406097641696138156e-01
5.370971036032232693e-01
5.248698594119073357e-01
5.207228356709835415e-01
5.307715939641404201e-01
5.255296598980482292e-01
5.269132904137991957e-01
5.300933518885055928e-01
5.343310304306211345e-01
5.367779503052564349e-01
5.335767459561454595e-01
5.253467654043715296e-01
5.185879011869207744e-01
5.233618573975701294e-01
5.284548095889979313e-01
5.261517105231540148e-01
5.296932026731773213e-01
5.301377896970247416e-01
5.305034344709868011e-01
5.320303333048921335e-01
5.338987189372216280e-01
5.345658804385502449e-01
