8.621092307436813984e-01
8.027292664440816017e-01
7.245261154786575286e-01
7.085942603276562668e-01
7.258426786433138655e-01
7.668487996698480913e-01
7.951094006950396587e-01
7.947936321050447228e-01
7.392288807961100439e-01
6.784387152245078267e-01
6.615451919296628791e-01
6.816409087929637955e-01
6.902875140813662380e-01
6.817205709521703128e-01
6.450486971705424732e-01
6.229840632856206151e-01
6.329433883728966537e-01
6.652202380842487939e-01
6.455717489938602727e-01
6.379404278614555501e-01
5.837358766223297302e-01
5.547127282629215062e-01
5.438960187448800276e-01
5.064956432912053330e-01
4.717581507554123310e-01
4.797426482875845055e-01
